,Year,LocationDesc,Disease_Type,Age_18-24,Age_25-44,Age_45-64,Age_65+,Gender_Female,Gender_Male,Overall_Overall,Race_Hispanic,Race_Non-Hispanic Black,Race_Non-Hispanic White,Race_Other
0,2000,United States,0,3.8,24.0,194.0,2260.8,461.4,429.2,445.9,159.1,428.5,511.3,158.4
1,2000,United States,1,3.0,19.0,158.5,1692.9,337.0,339.5,338.2,121.2,318.3,389.5,111.0
2,2000,United States,2,0.2,4.1,51.1,448.9,85.4,99.0,91.9,32.9,78.9,107.0,31.1
3,2000,United States,3,0.4,9.9,116.4,1237.3,234.8,257.0,245.6,93.4,211.0,285.0,82.7
4,2000,United States,4,0.1,0.4,4.8,149.0,31.8,20.8,26.5,6.0,20.5,32.0,5.8
5,2000,United States,5,0.6,3.8,25.6,422.1,94.8,63.8,79.8,28.3,79.0,90.6,37.3
6,2000,United States,6,,0.8,10.3,276.5,60.2,38.3,49.6,15.3,47.4,57.3,18.4
7,2000,United States,7,0.5,2.8,13.0,66.2,17.6,14.5,16.1,8.7,19.4,17.0,12.6
8,2001,United States,0,3.7,24.5,187.5,2204.6,450.4,415.9,433.7,158.1,421.5,497.9,158.5
9,2001,United States,1,2.9,19.5,153.6,1650.6,329.0,329.5,329.2,120.9,313.5,379.5,110.4
10,2001,United States,2,0.2,4.3,47.6,425.9,81.1,93.3,87.0,32.6,75.4,101.3,30.3
11,2001,United States,3,0.6,10.2,111.3,1194.3,226.5,247.2,236.5,92.6,206.2,274.6,81.7
12,2001,United States,4,0.1,0.5,5.2,150.5,32.2,21.0,26.8,6.2,20.8,32.5,5.3
13,2001,United States,5,0.5,3.7,24.1,409.3,91.5,61.4,76.9,28.0,77.0,87.2,38.1
14,2001,United States,6,0.1,0.8,9.9,266.9,58.0,36.7,47.7,15.0,45.8,55.1,19.2
15,2001,United States,7,0.4,2.7,12.0,63.8,16.7,14.0,15.4,8.5,18.8,16.1,13.1
16,2002,United States,0,3.6,24.9,186.9,2168.7,441.1,412.4,427.2,156.8,414.8,492.1,159.2
17,2002,United States,1,2.9,20.0,153.2,1621.2,321.2,327.2,324.1,120.3,308.7,374.7,112.1
18,2002,United States,2,0.2,4.2,46.0,408.8,77.4,90.2,83.6,32.3,73.4,97.4,29.7
19,2002,United States,3,0.4,10.3,109.6,1160.9,218.3,243.0,230.3,90.8,200.0,268.2,81.9
20,2002,United States,4,0.1,0.5,5.0,148.3,31.4,20.8,26.3,6.2,20.7,31.9,5.8
21,2002,United States,5,0.5,3.6,24.0,403.1,90.3,60.1,75.6,27.0,75.2,86.3,37.1
22,2002,United States,6,0.1,0.8,9.9,258.5,56.3,35.4,46.2,14.3,44.6,53.6,18.5
23,2002,United States,7,0.4,2.5,11.9,64.5,16.8,13.9,15.4,8.3,18.1,16.3,12.7
24,2003,United States,0,4.1,25.1,183.6,2097.5,427.5,402.2,415.3,143.0,408.9,478.9,158.5
25,2003,United States,1,3.2,20.2,150.1,1569.3,311.7,319.0,315.2,108.6,303.4,365.2,111.6
26,2003,United States,2,0.2,4.2,44.1,381.0,72.5,85.1,78.6,28.4,68.8,92.0,28.0
27,2003,United States,3,0.5,10.3,106.2,1109.8,209.0,234.2,221.2,80.2,193.6,258.5,81.0
28,2003,United States,4,0.1,0.5,5.0,149.0,31.3,21.3,26.4,6.2,21.0,32.2,5.8
29,2003,United States,5,0.6,3.6,23.5,384.8,86.0,58.3,72.6,25.5,74.0,82.6,36.5
30,2003,United States,6,0.1,0.9,9.4,243.1,52.8,33.7,43.6,13.4,42.4,50.6,17.5
31,2003,United States,7,0.4,2.5,11.9,63.4,16.5,14.0,15.3,7.9,19.2,16.0,13.1
32,2004,United States,0,3.7,24.2,176.1,1970.6,402.2,380.8,391.8,136.9,388.2,452.9,151.6
33,2004,United States,1,2.9,19.3,143.5,1471.1,292.3,301.7,296.9,103.1,286.5,345.1,106.0
34,2004,United States,2,0.2,3.9,40.9,343.7,65.4,77.8,71.5,26.6,62.9,83.8,25.2
35,2004,United States,3,0.4,9.9,100.6,1026.1,192.9,219.2,205.7,76.4,180.5,240.9,75.8
36,2004,United States,4,0.1,0.5,4.9,146.6,30.8,20.9,26.0,5.7,20.3,31.9,5.7
37,2004,United States,5,0.6,3.5,22.9,360.1,80.7,55.0,68.3,25.2,70.2,77.7,34.6
38,2004,United States,6,0.1,0.8,8.8,222.1,48.4,30.8,39.8,12.4,39.6,46.2,16.5
39,2004,United States,7,0.4,2.5,11.9,63.3,16.4,14.1,15.3,8.6,18.5,16.1,12.0
40,2005,United States,0,3.9,23.9,174.8,1925.2,394.3,375.6,385.2,140.1,380.7,446.0,153.5
41,2005,United States,1,3.1,19.2,142.4,1446.2,288.3,298.9,293.5,106.2,281.8,341.8,107.8
42,2005,United States,2,0.2,3.8,39.5,324.6,62.2,74.3,68.1,27.2,59.3,79.8,25.6
43,2005,United States,3,0.5,9.5,99.4,995.6,187.3,215.2,200.9,78.6,175.3,235.6,76.3
44,2005,United States,4,0.1,0.5,5.1,149.1,31.5,21.3,26.5,6.2,21.4,32.5,6.1
45,2005,United States,5,0.5,3.4,22.6,337.4,76.2,52.3,64.6,24.4,66.8,73.5,34.3
46,2005,United States,6,,0.8,8.7,204.1,44.6,28.8,36.9,11.8,36.4,42.9,16.8
47,2005,United States,7,0.4,2.4,11.8,63.0,16.3,14.1,15.2,8.4,18.4,16.1,12.0
48,2006,United States,0,3.8,23.5,171.5,1810.0,371.8,360.9,366.5,133.2,364.5,425.0,150.9
49,2006,United States,1,3.0,18.9,139.1,1371.1,273.8,288.6,281.0,100.5,270.3,328.4,106.7
50,2006,United States,2,0.2,3.7,37.8,295.8,56.7,69.7,63.0,24.4,55.5,74.1,25.1
51,2006,United States,3,0.4,9.3,96.3,928.6,174.4,205.6,189.5,73.1,167.0,222.8,75.6
52,2006,United States,4,0.1,0.5,5.4,149.9,31.6,21.9,26.9,6.4,20.9,33.1,6.3
53,2006,United States,5,0.6,3.3,22.6,314.2,71.6,49.8,61.0,24.2,63.8,69.2,33.6
54,2006,United States,6,0.1,0.8,8.9,193.7,42.8,27.7,35.4,11.8,35.4,41.1,16.0
55,2006,United States,7,0.4,2.3,11.5,59.9,15.7,13.5,14.7,8.4,17.8,15.4,12.3
56,2007,United States,0,3.9,22.7,166.7,1734.2,358.5,350.2,354.5,130.1,353.5,412.3,146.3
57,2007,United States,1,3.1,18.2,135.1,1308.1,262.6,279.7,270.9,97.6,261.9,317.6,102.7
58,2007,United States,2,0.2,3.4,35.8,271.0,52.6,64.8,58.6,23.0,52.1,69.0,23.1
59,2007,United States,3,0.4,8.8,92.5,865.7,163.4,195.3,178.9,69.2,157.3,211.2,71.7
60,2007,United States,4,0.1,0.5,5.0,137.7,28.9,20.7,24.9,6.4,20.3,30.6,5.4
61,2007,United States,5,0.5,3.2,22.1,305.8,70.1,48.8,59.7,23.8,63.0,68.0,32.5
62,2007,United States,6,0.1,0.8,8.8,185.6,41.4,26.7,34.3,11.5,34.9,39.9,14.8
63,2007,United States,7,0.3,2.2,11.2,59.5,15.6,13.4,14.5,8.3,17.5,15.4,11.9
64,2008,United States,0,3.6,22.1,165.5,1685.1,352.9,346.2,349.6,126.0,344.1,408.8,146.9
65,2008,United States,1,2.9,17.6,134.8,1274.9,259.3,277.3,268.1,94.3,255.4,316.0,104.3
66,2008,United States,2,0.2,3.2,35.7,266.3,52.3,64.7,58.3,21.7,50.0,69.4,23.1
67,2008,United States,3,0.4,8.4,91.5,841.2,160.6,193.0,176.4,66.4,151.7,209.6,72.8
68,2008,United States,4,0.1,0.5,5.1,134.8,28.7,20.5,24.7,6.4,19.8,30.5,6.4
69,2008,United States,5,0.5,3.1,21.3,294.5,68.3,47.6,58.3,23.1,60.3,66.6,31.8
70,2008,United States,6,0.1,0.8,8.6,179.8,40.7,26.2,33.6,11.2,33.5,39.4,14.6
71,2008,United States,7,0.3,2.1,10.7,59.0,15.4,13.4,14.4,7.9,17.0,15.4,12.0
72,2009,United States,0,3.6,21.5,162.3,1591.1,334.3,337.2,335.7,124.3,330.7,392.7,145.8
73,2009,United States,1,2.9,17.2,131.7,1206.2,245.5,270.7,257.8,93.6,247.3,303.7,104.1
74,2009,United States,2,0.1,3.0,33.6,242.5,47.7,60.7,54.0,20.3,47.4,64.3,22.7
75,2009,United States,3,0.3,7.9,87.6,781.2,148.3,185.4,166.4,64.3,144.1,197.6,70.9
76,2009,United States,4,0.1,0.5,5.1,130.6,27.6,20.8,24.3,6.4,19.0,30.1,6.6
77,2009,United States,5,0.5,3.0,21.1,275.0,64.5,45.8,55.4,22.3,56.4,63.5,31.2
78,2009,United States,6,0.1,0.8,8.5,169.3,38.7,25.2,32.1,11.1,31.2,37.8,14.4
79,2009,United States,7,0.4,2.0,10.6,57.4,15.0,13.3,14.2,7.6,16.3,15.3,11.5
80,2010,United States,0,3.5,21.1,157.8,1560.3,327.3,335.3,331.2,119.0,323.7,393.4,137.9
81,2010,United States,1,2.8,16.8,128.2,1179.2,239.6,268.8,253.7,89.0,240.5,303.9,97.1
82,2010,United States,2,0.2,2.9,32.5,229.9,45.1,59.1,51.9,19.5,44.6,62.6,21.4
83,2010,United States,3,0.3,7.7,84.7,750.4,142.1,181.8,161.3,61.0,138.1,194.5,66.0
84,2010,United States,4,0.1,0.5,4.9,131.5,27.6,21.3,24.5,6.0,19.4,30.9,6.3
85,2010,United States,5,0.5,2.9,20.3,271.7,63.6,45.7,54.9,21.5,55.7,63.9,30.1
86,2010,United States,6,0.1,0.8,8.3,166.4,38.0,25.3,31.8,10.5,30.8,38.0,14.0
87,2010,United States,7,0.3,2.0,10.1,56.9,14.7,13.3,14.0,7.5,15.8,15.3,11.4
88,2011,United States,0,3.4,20.9,157.6,1521.4,322.2,332.7,327.3,117.7,314.8,391.3,136.9
89,2011,United States,1,2.7,16.9,127.8,1148.9,235.4,266.8,250.7,87.7,234.1,302.2,96.2
90,2011,United States,2,0.2,2.9,31.8,220.3,43.5,57.8,50.4,18.5,44.0,61.1,20.6
91,2011,United States,3,0.4,7.6,84.2,723.4,137.7,179.2,157.9,59.0,135.3,191.3,64.8
92,2011,United States,4,0.1,0.5,4.9,130.1,27.6,21.3,24.5,6.5,19.1,31.0,6.3
93,2011,United States,5,0.5,2.7,20.4,264.4,62.6,45.2,54.1,21.7,54.4,63.2,30.2
94,2011,United States,6,0.1,0.7,8.3,159.9,37.1,24.5,31.0,10.4,29.8,37.1,13.9
95,2011,United States,7,0.4,1.9,9.9,55.0,14.3,13.1,13.7,7.6,15.5,14.9,11.1
96,2012,United States,0,3.2,20.5,158.4,1466.6,318.3,333.2,325.5,119.3,315.4,389.0,138.3
97,2012,United States,1,2.6,16.6,128.6,1107.8,232.4,267.3,249.3,88.9,235.5,300.3,97.6
98,2012,United States,2,0.2,2.9,31.4,207.3,42.0,56.6,49.1,18.7,42.6,59.5,20.5
99,2012,United States,3,0.4,7.5,84.1,684.9,133.5,177.0,154.6,58.7,133.2,187.3,64.7
100,2012,United States,4,0.1,0.5,5.1,129.0,27.8,22.3,25.1,6.8,20.1,31.7,6.7
101,2012,United States,5,0.5,2.7,20.2,253.0,61.4,45.0,53.4,21.8,53.4,62.4,30.2
102,2012,United States,6,0.1,0.7,8.3,151.8,36.1,24.4,30.4,10.7,28.7,36.5,14.1
103,2012,United States,7,0.3,1.8,9.6,52.5,14.1,12.6,13.4,7.2,14.9,14.7,10.8
104,2013,United States,0,3.1,20.3,160.0,1444.2,317.4,339.2,328.0,122.6,319.8,392.4,143.9
105,2013,United States,1,2.5,16.3,129.8,1093.7,232.4,272.1,251.7,91.4,238.4,303.7,102.2
106,2013,United States,2,0.2,2.8,30.9,198.8,40.7,56.0,48.2,19.2,41.9,58.4,20.4
107,2013,United States,3,0.4,7.2,82.9,661.4,129.8,176.8,152.7,60.1,131.9,185.0,66.5
108,2013,United States,4,0.1,0.5,5.7,134.2,29.4,24.2,26.8,7.0,21.9,34.1,7.5
109,2013,United States,5,0.4,2.6,20.2,245.6,60.3,45.4,53.1,22.3,53.9,61.9,30.0
110,2013,United States,6,0.1,0.7,8.4,145.2,34.9,24.6,29.9,10.3,28.7,35.9,13.9
111,2013,United States,7,0.3,1.8,9.5,51.8,14.0,12.8,13.4,7.8,15.0,14.6,10.7
112,2014,United States,0,3.3,20.5,162.0,1405.7,315.3,340.7,327.7,123.8,320.4,392.9,141.1
113,2014,United States,1,2.6,16.3,131.1,1060.9,229.9,272.5,250.6,91.3,237.5,303.4,99.4
114,2014,United States,2,0.1,2.6,30.6,186.9,38.9,54.6,46.6,18.7,39.9,56.7,19.4
115,2014,United States,3,0.4,7.0,82.8,627.2,125.0,174.1,148.9,58.9,128.8,180.9,64.1
116,2014,United States,4,0.1,0.6,6.1,136.4,30.4,25.5,28.0,7.4,23.1,35.6,7.8
117,2014,United States,5,0.5,2.8,20.5,245.5,61.7,46.5,54.3,23.3,55.8,63.3,30.1
118,2014,United States,6,0.1,0.8,8.6,139.9,34.5,24.3,29.6,10.8,29.2,35.5,13.3
119,2014,United States,7,0.3,1.8,9.5,51.4,14.2,12.9,13.6,7.3,15.0,15.0,10.7
120,2015,United States,0,3.3,20.7,164.1,1416.2,324.5,348.7,336.3,130.3,327.4,403.7,147.8
121,2015,United States,1,2.7,16.5,132.7,1064.2,235.4,278.1,256.2,95.3,241.5,310.9,103.1
122,2015,United States,2,0.2,2.6,30.5,180.8,38.5,54.2,46.1,19.3,39.6,56.1,19.8
123,2015,United States,3,0.4,6.9,82.4,612.2,124.2,174.0,148.4,60.6,127.7,180.4,65.6
124,2015,United States,4,0.1,0.6,6.6,145.1,32.8,28.0,30.4,8.5,25.4,38.7,8.4
125,2015,United States,5,0.4,2.8,20.8,252.1,64.6,48.3,56.7,25.6,57.8,66.0,32.5
126,2015,United States,6,0.1,0.7,8.7,135.7,34.1,24.4,29.4,11.2,29.2,35.1,14.1
127,2015,United States,7,0.3,1.8,9.3,50.9,14.3,13.0,13.6,7.6,14.8,15.0,11.1
128,2016,United States,0,3.2,20.7,166.0,1375.0,320.0,350.4,334.8,132.6,333.5,401.6,150.0
129,2016,United States,1,2.6,16.3,134.0,1030.6,231.1,279.1,254.4,96.5,246.4,308.6,103.3
130,2016,United States,2,0.1,2.5,30.0,171.5,36.8,53.3,44.8,19.0,39.8,54.4,19.8
131,2016,United States,3,0.3,6.7,82.2,586.3,119.8,173.0,145.7,60.4,129.5,177.0,64.8
132,2016,United States,4,0.1,0.6,7.0,146.0,33.5,29.2,31.4,9.3,26.9,39.9,8.9
133,2016,United States,5,0.4,2.8,21.0,247.2,64.6,48.7,56.9,26.2,58.4,66.2,33.8
134,2016,United States,6,0.1,0.7,8.9,132.3,34.0,24.5,29.4,11.2,29.1,35.2,14.7
135,2016,United States,7,0.2,1.8,9.3,49.0,14.0,12.8,13.5,7.8,14.4,14.8,11.7
136,2017,United States,0,3.0,20.7,166.8,1367.9,322.4,357.1,339.3,135.4,337.6,408.0,155.5
137,2017,United States,1,2.5,16.4,134.1,1022.6,232.0,283.6,257.1,98.2,248.1,312.9,106.8
138,2017,United States,2,0.2,2.5,29.5,164.3,35.6,52.6,43.9,18.9,38.3,53.5,20.1
139,2017,United States,3,0.3,6.5,81.7,574.4,118.3,174.1,145.5,60.6,128.0,177.3,67.0
140,2017,United States,4,0.1,0.7,7.2,145.2,33.8,30.0,32.0,9.4,27.8,40.7,9.7
141,2017,United States,5,0.4,2.8,21.3,247.6,65.6,50.2,58.1,26.8,60.5,67.7,34.8
142,2017,United States,6,0.1,0.7,9.1,128.3,33.3,24.8,29.2,11.3,29.9,34.9,14.7
143,2017,United States,7,0.2,1.8,9.1,48.3,13.9,12.9,13.4,7.8,14.7,14.7,11.3
144,2018,United States,0,3.1,20.3,168.2,1343.4,321.1,360.7,340.4,136.8,343.7,409.7,157.5
145,2018,United States,1,2.6,16.2,135.2,1005.7,231.3,286.7,258.3,98.7,253.3,314.7,108.9
146,2018,United States,2,0.1,2.4,28.9,157.1,34.3,51.9,42.8,18.8,38.1,52.2,20.0
147,2018,United States,3,0.4,6.2,81.5,557.5,115.9,174.1,144.3,60.7,128.3,176.1,67.5
148,2018,United States,4,0.1,0.7,7.7,146.0,34.7,31.1,33.0,9.7,29.2,42.0,10.0
149,2018,United States,5,0.4,2.6,21.4,243.0,65.3,50.8,58.2,27.4,61.0,67.9,34.6
150,2018,United States,6,0.1,0.7,9.1,122.5,32.4,24.6,28.6,11.6,29.9,34.1,14.2
151,2018,United States,7,0.2,1.6,9.1,47.1,13.8,12.8,13.3,7.5,14.5,14.8,11.3
152,2019,United States,0,3.0,20.2,167.8,1314.9,319.4,362.5,340.4,139.1,345.0,410.4,158.6
153,2019,United States,1,2.4,16.0,134.5,983.8,230.0,287.4,257.9,99.7,252.8,315.3,108.6
154,2019,United States,2,0.1,2.3,27.7,146.5,32.5,49.6,40.9,18.0,36.6,49.9,19.1
155,2019,United States,3,0.3,6.1,79.2,535.6,112.7,171.5,141.4,60.7,126.3,172.9,66.2
156,2019,United States,4,0.1,0.8,8.1,145.5,35.2,32.2,33.7,10.2,30.6,43.0,10.3
157,2019,United States,5,0.4,2.7,21.7,239.1,65.4,51.6,58.7,28.5,62.2,68.2,36.1
158,2019,United States,6,,0.7,9.3,116.5,31.3,24.5,28.0,11.5,30.1,33.2,14.8
159,2019,United States,7,0.3,1.7,9.0,45.5,13.6,12.7,13.2,7.9,14.3,14.5,11.2
160,2020,United States,0,3.2,22.9,185.4,1343.3,333.2,386.8,359.3,156.3,389.6,426.0,177.6
161,2020,United States,1,2.4,18.3,148.3,1000.1,238.5,305.8,271.3,112.9,286.5,325.7,121.7
162,2020,United States,2,0.1,2.7,30.1,147.1,33.5,52.1,42.5,20.6,40.9,50.9,21.7
163,2020,United States,3,0.3,7.0,86.8,547.6,117.7,182.2,149.1,69.4,143.6,178.9,74.9
164,2020,United States,4,0.1,1.0,9.0,139.1,34.2,32.7,33.4,10.5,32.5,42.2,11.0
165,2020,United States,5,0.5,3.0,24.0,246.8,68.8,55.6,62.3,31.2,68.7,71.7,39.9
166,2020,United States,6,0.1,0.8,10.2,115.8,31.5,25.7,28.7,12.2,32.2,33.7,16.2
167,2020,United States,7,0.3,1.9,9.9,43.9,13.5,13.3,13.4,8.4,15.0,14.5,11.9
